20051311
20061671
20061585
20061691
20061975
20061619
20061515
20061519
20061516
20061602
20061643
20061654
20061637
20061705
20061513
20061599
20061609
20061655
20061649
20061704
20061665
20061688
20061994
20051445
20061849
20061575
20061678
20061683
20061610
20061727
20051506
20061971
20061642
20051377
20061635
20061766
20061564
20061562
20061553
20061757
20061716
20061703
20061594
20061641
20061586
20061714
20061607
20061748
20061616
20061740
20061743
20061507
20051455
20062257
20061753
20061805
20061741
20061666
20061563
20061672
20061514
20061841
20061510
20051559
20061574
20065181
20061549
20061598
20061579
20061632
20061724
20062711
20061698
20061675
20061692
20061720
20052360
20061707
20061800
20061725
20061526
20061521
20061529
20061592
20061510
20061500
20061560
20061693
20061699
20061756
20061700
20061532
20061555
20061502
20061530
20061677
20061550
20061576
20061613
20061536
20061567
20061572
20061685
20061557
20061859
20061634
20061730
20061544
20061763
20061603
20061545
20061650
20061622
20061625
20061681
20061624
20061726
20061702
20061751
20061551
20061584
20062552
20061568
20061587
20061669
20061620
20061583
20061767
20061647
20061706
20061614
20061561
20061588
20061652
20061582
20061524
20061653
20061709
20061646
20051390
20061762
20051451
20061738
20061520
20061761
20061742
20061690
20061509
20061523
20061764
20061601
-
20061640
20061633
20051647
20062708
20051498
20061759
20061717
20062672
20061648
20061739
20061721
20061527
20061686
20061567
20061571
20061569
20061668
20061694
20061663
20061597
20061611
20061606
20061729
20061556
20061552
20061548
20061542
20061803
20061728
20061673
20061564
20061535
-
20061577
20061626
20061573
20061580
20061591
20061537
20061541
20061605
20061833